0	10000.0	10000.0	10000.0	10000.0
1	10000.0	10000.0	10000.0	10000.0
2	10000.0	10000.0	10000.0	10000.0
3	10000.0	10000.0	10000.0	10000.0
4	10000.0	10000.0	10000.0	10000.0
5	10000.0	10000.0	10000.0	10000.0
6	10000.0	10000.0	10000.0	10000.0
7	10000.0	10000.0	10000.0	10000.0
8	10000.0	10000.0	10000.0	10000.0
9	10000.0	10000.0	10000.0	10000.0
10	10000.0	10000.0	10000.0	10000.0
11	10000.0	10000.0	10000.0	10000.0
12	10000.0	10000.0	10000.0	10000.0
13	10000.0	10000.0	10000.0	10000.0
14	10000.0	10000.0	10000.0	10000.0
15	10000.0	10000.0	10000.0	10000.0
16	10000.0	10000.0	10000.0	10000.0
17	10000.0	10000.0	10000.0	10000.0
18	10000.0	10000.0	10000.0	10000.0
19	10000.0	10000.0	10000.0	10000.0
20	10000.0	10000.0	10000.0	10000.0
21	10000.0	10000.0	10000.0	10000.0
22	10000.0	10000.0	10000.0	10000.0
23	10000.0	10000.0	10000.0	10000.0
24	10000.0	10000.0	10000.0	10000.0
25	10000.0	10000.0	10000.0	10000.0
26	10000.0	10000.0	10000.0	10000.0
27	10000.0	10000.0	10000.0	10000.0
28	10000.0	10000.0	10000.0	10000.0
29	10000.0	10000.0	10000.0	10000.0
30	10000.0	10000.0	10000.0	10000.0
31	10000.0	10000.0	10000.0	10000.0
32	10000.0	10000.0	10000.0	10000.0
33	10000.0	10000.0	10000.0	10000.0
34	10000.0	10000.0	10000.0	10000.0
35	10000.0	10000.0	10000.0	10000.0
36	10000.0	10000.0	10000.0	10000.0
37	10000.0	10000.0	10000.0	10000.0
38	10000.0	10000.0	10000.0	10000.0
39	10000.0	10000.0	10000.0	10000.0
